24

1.365282187999076e-01
  1.264875594675817e-02
 -1.595372157339985e-02
 -4.961536253121721e-02
 -7.080789707532761e-02
 -6.875192433299618e-02
 -4.624195231604855e-02
 -1.805651974394823e-02
 -1.270975910193872e-03
 -3.501782400415210e-03
 -1.655974196305454e-02
 -2.079827833107672e-02
  1.483863753865777e-03
  5.092459452033871e-02
  1.049038544173581e-01
  1.280531915123533e-01
  9.045315583966018e-02
 -9.683182229735854e-03
 -1.388524815780088e-01
 -2.392617383599405e-01
 -2.562510362723609e-01
 -1.677991120272408e-01
 -4.350528810725951e-04
  1.794389065518331e-01
  2.947646069704528e-01
  2.947646069704528e-01
  1.794389065518331e-01
 -4.350528810725951e-04
 -1.677991120272408e-01
 -2.562510362723609e-01
 -2.392617383599405e-01
 -1.388524815780088e-01
 -9.683182229735854e-03
  9.045315583966018e-02
  1.280531915123533e-01
  1.049038544173581e-01
  5.092459452033871e-02
  1.483863753865777e-03
 -2.079827833107672e-02
 -1.655974196305454e-02
 -3.501782400415210e-03
 -1.270975910193872e-03
 -1.805651974394823e-02
 -4.624195231604855e-02
 -6.875192433299618e-02
 -7.080789707532761e-02
 -4.961536253121721e-02
 -1.595372157339985e-02
  1.264875594675817e-02
  1.365282187999076e-01