24

-1.648955629782052e-02 
1.547221380531325e-01 
-1.692758039364324e-01 
-1.104178256862868e-01 
-4.543577826523831e-02 
-6.642887813913256e-03 
9.846251910923809e-04 
-1.392143737208007e-02 
-2.652113505848208e-02 
-9.657759839788560e-03 
3.631480232449680e-02 
8.093529231911156e-02 
8.851092472105004e-02 
5.430871219830213e-02 
1.378550795341993e-02 
9.282141075480865e-03 
4.314902042249003e-02 
6.779299229190650e-02 
2.661707832639726e-02 
-8.452195259169271e-02 
-1.940258298493607e-01 
-2.016114670425155e-01 
-6.410522003440411e-02 
1.546910485142607e-01 
3.189164259510648e-01 
3.189164259510648e-01 
1.546910485142607e-01 
-6.410522003440411e-02 
-2.016114670425155e-01 
-1.940258298493607e-01 
-8.452195259169271e-02 
2.661707832639726e-02 
6.779299229190650e-02 
4.314902042249003e-02 
9.282141075480865e-03 
1.378550795341993e-02 
5.430871219830213e-02 
8.851092472105004e-02 
8.093529231911156e-02 
3.631480232449680e-02 
-9.657759839788560e-03 
-2.652113505848208e-02 
-1.392143737208007e-02 
9.846251910923809e-04 
-6.642887813913256e-03 
-4.543577826523831e-02 
-1.104178256862868e-01 
-1.692758039364324e-01 
1.547221380531325e-01 
-1.648955629782052e-02 